[gd_scene load_steps=11 format=3 uid="uid://wp7clojnrted"]

[ext_resource type="PackedScene" uid="uid://dyhj74btkdmv4" path="res://scenes/player.tscn" id="1_uwrxv"]
[ext_resource type="PackedScene" uid="uid://ducooq07g45y2" path="res://scenes/static_and_co.tscn" id="3_iywne"]
[ext_resource type="PackedScene" uid="uid://b5x1wy5qvk8he" path="res://scenes/boxy_crt.tscn" id="3_lnu2h"]
[ext_resource type="PackedScene" uid="uid://b00awnbrbepg8" path="res://scenes/counter.tscn" id="4_iywne"]
[ext_resource type="Script" uid="uid://c7pwof6p0k0vh" path="res://scripts/timer.gd" id="5_iywne"]

[sub_resource type="Environment" id="Environment_lnu2h"]
background_mode = 1
ambient_light_energy = 2.5
glow_enabled = true
glow_intensity = 1.5
volumetric_fog_albedo = Color(0, 0, 0, 1)

[sub_resource type="WorldBoundaryShape3D" id="WorldBoundaryShape3D_yqjtg"]

[sub_resource type="BoxShape3D" id="BoxShape3D_lbhrr"]
size = Vector3(1.5817871, 5.138672, 10.143311)

[sub_resource type="BoxShape3D" id="BoxShape3D_iywne"]
size = Vector3(10.758713, 5.317627, 1)

[sub_resource type="BoxShape3D" id="BoxShape3D_p57ef"]
size = Vector3(1.2128906, 1.0097046, 3.1564941)

[node name="Game" type="Node"]

[node name="WorldEnvironment" type="WorldEnvironment" parent="."]
environment = SubResource("Environment_lnu2h")

[node name="Ground" type="StaticBody3D" parent="WorldEnvironment"]
transform = Transform3D(1, 0, 0, 0, 1, 0, 0, 0, 1, 0, -1, 0)

[node name="CollisionShape3D" type="CollisionShape3D" parent="WorldEnvironment/Ground"]
shape = SubResource("WorldBoundaryShape3D_yqjtg")

[node name="OmniLight3D" type="OmniLight3D" parent="WorldEnvironment"]
transform = Transform3D(1, 0, 0, 0, 1, 0, 0, 0, 1, 0, 2.7760162, 0)
light_energy = 0.1
shadow_enabled = true
omni_range = 8.582418

[node name="Player" parent="." instance=ExtResource("1_uwrxv")]
transform = Transform3D(1, 0, 0, 0, 1, 0, 0, 0, 1, 0, 1, 0)

[node name="Timer" type="Timer" parent="."]
wait_time = 20.0
one_shot = true
script = ExtResource("5_iywne")

[node name="Store" type="StaticBody3D" parent="."]
collision_layer = 4

[node name="CollisionShape3D" type="CollisionShape3D" parent="Store"]
transform = Transform3D(1, 0, 0, 0, 1, 0, 0, 0, 1, 4.517357, 2.5175781, -0.020629883)
shape = SubResource("BoxShape3D_lbhrr")

[node name="CollisionShape3D2" type="CollisionShape3D" parent="Store"]
transform = Transform3D(1, 0, 0, 0, 1, 0, 0, 0, 1, -4.565955, 2.5175781, -0.090795755)
shape = SubResource("BoxShape3D_lbhrr")

[node name="CollisionShape3D3" type="CollisionShape3D" parent="Store"]
transform = Transform3D(1, 0, 0, 0, 1, 0, 0, 0, 1, -0.01876831, 2.5102305, -5.5282035)
shape = SubResource("BoxShape3D_iywne")

[node name="CollisionShape3D4" type="CollisionShape3D" parent="Store"]
transform = Transform3D(1, 0, 0, 0, 1, 0, 0, 0, 1, -0.057670593, 2.553833, 5.482344)
shape = SubResource("BoxShape3D_iywne")

[node name="static_and_co" parent="Store" instance=ExtResource("3_iywne")]

[node name="Counter" type="StaticBody3D" parent="."]
transform = Transform3D(1, 0, 0, 0, 1, 0, 0, 0, 1, -3.0856366, 0, 3.1663597)

[node name="Counter" parent="Counter" instance=ExtResource("4_iywne")]

[node name="CollisionShape3D" type="CollisionShape3D" parent="Counter"]
transform = Transform3D(1, 0, 0, 0, 1, 0, 0, 0, 1, 0.0009765625, 0.5057678, 0.0025634766)
shape = SubResource("BoxShape3D_p57ef")

[node name="BoxyCRT5" parent="Counter" instance=ExtResource("3_lnu2h")]
transform = Transform3D(-0.29665834, 0, 0.95498365, 0, 1, 0, -0.95498365, 0, -0.29665834, 0.055241108, 1, 1.0535102)

[node name="BoxyCRT6" parent="Counter" instance=ExtResource("3_lnu2h")]
transform = Transform3D(0.24351335, 0, 0.96989757, 0, 1, 0, -0.96989757, 0, 0.24351335, 0.08532667, 1, -0.52919054)

[node name="Counter2" type="StaticBody3D" parent="."]
transform = Transform3D(1, 0, 0, 0, 1, 0, 0, 0, 1, -3.0856366, 0, 0.0065522194)

[node name="Counter" parent="Counter2" instance=ExtResource("4_iywne")]

[node name="CollisionShape3D" type="CollisionShape3D" parent="Counter2"]
transform = Transform3D(1, 0, 0, 0, 1, 0, 0, 0, 1, 0.0009765625, 0.5057678, 0.0025634766)
shape = SubResource("BoxShape3D_p57ef")

[node name="BoxyCRT7" parent="Counter2" instance=ExtResource("3_lnu2h")]
transform = Transform3D(-0.20854339, 0, 0.97801316, 0, 1, 0, -0.97801316, 0, -0.20854339, 0.0402956, 1, 1.2106616)

[node name="BoxyCRT8" parent="Counter2" instance=ExtResource("3_lnu2h")]
transform = Transform3D(0.3307449, 0, 0.9437202, 0, 1, 0, -0.9437202, 0, 0.3307449, 0.17077541, 1, -0.4859593)

[node name="Counter3" type="StaticBody3D" parent="."]
transform = Transform3D(1, 0, 0, 0, 1, 0, 0, 0, 1, 3.0772042, 0, 2.43548)

[node name="Counter" parent="Counter3" instance=ExtResource("4_iywne")]

[node name="CollisionShape3D" type="CollisionShape3D" parent="Counter3"]
transform = Transform3D(1, 0, 0, 0, 1, 0, 0, 0, 1, 0.0009765625, 0.5057678, 0.0025634766)
shape = SubResource("BoxShape3D_p57ef")

[node name="BoxyCRT3" parent="Counter3" instance=ExtResource("3_lnu2h")]
transform = Transform3D(0.22709334, 0, -0.973873, 0, 1, 0, 0.973873, 0, 0.22709334, 0.032077312, 1, -0.95732117)

[node name="BoxyCRT4" parent="Counter3" instance=ExtResource("3_lnu2h")]
transform = Transform3D(-0.31274927, 0, -0.9498357, 0, 1, 0, 0.9498357, 0, -0.31274927, -0.066133976, 1, 0.7414732)

[node name="Counter4" type="StaticBody3D" parent="."]
transform = Transform3D(1, 0, 0, 0, 1, 0, 0, 0, 1, 3.0772042, 0, -0.7243273)

[node name="Counter" parent="Counter4" instance=ExtResource("4_iywne")]

[node name="CollisionShape3D" type="CollisionShape3D" parent="Counter4"]
transform = Transform3D(1, 0, 0, 0, 1, 0, 0, 0, 1, 0.0009765625, 0.5057678, 0.0025634766)
shape = SubResource("BoxShape3D_p57ef")

[node name="BoxyCRT" parent="Counter4" instance=ExtResource("3_lnu2h")]
transform = Transform3D(0.31475464, 0, -0.94917303, 0, 1, 0, 0.94917303, 0, 0.31475464, -0.039932728, 1, -0.7993432)

[node name="BoxyCRT2" parent="Counter4" instance=ExtResource("3_lnu2h")]
transform = Transform3D(-0.22503597, 0, -0.97435045, 0, 1, 0, 0.97435045, 0, -0.22503597, -0.039932728, 1, 0.7836435)

[connection signal="timeout" from="Timer" to="Timer" method="_on_timeout"]
