[gd_scene load_steps=8 format=3 uid="uid://ducooq07g45y2"]

[ext_resource type="PackedScene" uid="uid://cdy68u5qbpr6i" path="res://assets/models/static_and_co.glb" id="1_2ee1s"]
[ext_resource type="Material" uid="uid://3dxt412dnh1v" path="res://materials/glass.tres" id="2_5djif"]
[ext_resource type="PackedScene" uid="uid://b00awnbrbepg8" path="res://scenes/counter.tscn" id="3_gluas"]
[ext_resource type="PackedScene" uid="uid://b5x1wy5qvk8he" path="res://scenes/boxy_crt.tscn" id="4_jjmmj"]

[sub_resource type="BoxShape3D" id="BoxShape3D_5djif"]
size = Vector3(1.5817871, 5.138672, 10.143311)

[sub_resource type="BoxShape3D" id="BoxShape3D_wx68d"]
size = Vector3(10.758713, 5.317627, 1)

[sub_resource type="BoxShape3D" id="BoxShape3D_2m4fu"]
size = Vector3(1.2128906, 1.0097046, 3.1564941)

[node name="static_and_co" instance=ExtResource("1_2ee1s")]

[node name="GlassDoor" parent="." index="3"]
surface_material_override/0 = ExtResource("2_5djif")

[node name="Window" parent="." index="4"]
surface_material_override/0 = ExtResource("2_5djif")

[node name="Colliders" type="StaticBody3D" parent="." index="5"]
collision_layer = 4

[node name="CollisionShape3D" type="CollisionShape3D" parent="Colliders" index="0"]
transform = Transform3D(1, 0, 0, 0, 1, 0, 0, 0, 1, 4.517357, 2.5175781, -0.020629883)
shape = SubResource("BoxShape3D_5djif")

[node name="CollisionShape3D2" type="CollisionShape3D" parent="Colliders" index="1"]
transform = Transform3D(1, 0, 0, 0, 1, 0, 0, 0, 1, -4.565955, 2.5175781, -0.090795755)
shape = SubResource("BoxShape3D_5djif")

[node name="CollisionShape3D3" type="CollisionShape3D" parent="Colliders" index="2"]
transform = Transform3D(1, 0, 0, 0, 1, 0, 0, 0, 1, -0.01876831, 2.5102305, -5.5282035)
shape = SubResource("BoxShape3D_wx68d")

[node name="CollisionShape3D4" type="CollisionShape3D" parent="Colliders" index="3"]
transform = Transform3D(1, 0, 0, 0, 1, 0, 0, 0, 1, -0.057670593, 2.553833, 5.482344)
shape = SubResource("BoxShape3D_wx68d")

[node name="Furniture" type="Node3D" parent="." index="6"]

[node name="Counter" type="StaticBody3D" parent="Furniture" index="0"]
transform = Transform3D(1, 0, 0, 0, 1, 0, 0, 0, 1, -3.0856366, 0, 3.1663597)

[node name="Counter" parent="Furniture/Counter" index="0" instance=ExtResource("3_gluas")]

[node name="CollisionShape3D" type="CollisionShape3D" parent="Furniture/Counter" index="1"]
transform = Transform3D(1, 0, 0, 0, 1, 0, 0, 0, 1, 0.0009765625, 0.5057678, 0.0025634766)
shape = SubResource("BoxShape3D_2m4fu")

[node name="BoxyCRT5" parent="Furniture/Counter" index="2" instance=ExtResource("4_jjmmj")]
transform = Transform3D(-0.29665834, 0, 0.95498365, 0, 1, 0, -0.95498365, 0, -0.29665834, 0.055241108, 1, 1.0535102)

[node name="BoxyCRT6" parent="Furniture/Counter" index="3" instance=ExtResource("4_jjmmj")]
transform = Transform3D(0.24351335, 0, 0.96989757, 0, 1, 0, -0.96989757, 0, 0.24351335, 0.08532667, 1, -0.52919054)

[node name="Counter2" type="StaticBody3D" parent="Furniture" index="1"]
transform = Transform3D(1, 0, 0, 0, 1, 0, 0, 0, 1, -3.0856366, 0, 0.0065522194)

[node name="Counter" parent="Furniture/Counter2" index="0" instance=ExtResource("3_gluas")]

[node name="CollisionShape3D" type="CollisionShape3D" parent="Furniture/Counter2" index="1"]
transform = Transform3D(1, 0, 0, 0, 1, 0, 0, 0, 1, 0.0009765625, 0.5057678, 0.0025634766)
shape = SubResource("BoxShape3D_2m4fu")

[node name="BoxyCRT7" parent="Furniture/Counter2" index="2" instance=ExtResource("4_jjmmj")]
transform = Transform3D(-0.20854339, 0, 0.97801316, 0, 1, 0, -0.97801316, 0, -0.20854339, 0.0402956, 1, 1.2106616)

[node name="BoxyCRT8" parent="Furniture/Counter2" index="3" instance=ExtResource("4_jjmmj")]
transform = Transform3D(0.3307449, 0, 0.9437202, 0, 1, 0, -0.9437202, 0, 0.3307449, 0.17077541, 1, -0.4859593)

[node name="Counter3" type="StaticBody3D" parent="Furniture" index="2"]
transform = Transform3D(1, 0, 0, 0, 1, 0, 0, 0, 1, 3.0772042, 0, 2.43548)

[node name="Counter" parent="Furniture/Counter3" index="0" instance=ExtResource("3_gluas")]

[node name="CollisionShape3D" type="CollisionShape3D" parent="Furniture/Counter3" index="1"]
transform = Transform3D(1, 0, 0, 0, 1, 0, 0, 0, 1, 0.0009765625, 0.5057678, 0.0025634766)
shape = SubResource("BoxShape3D_2m4fu")

[node name="BoxyCRT3" parent="Furniture/Counter3" index="2" instance=ExtResource("4_jjmmj")]
transform = Transform3D(0.22709334, 0, -0.973873, 0, 1, 0, 0.973873, 0, 0.22709334, 0.032077312, 1, -0.95732117)

[node name="BoxyCRT4" parent="Furniture/Counter3" index="3" instance=ExtResource("4_jjmmj")]
transform = Transform3D(-0.31274927, 0, -0.9498357, 0, 1, 0, 0.9498357, 0, -0.31274927, -0.066133976, 1, 0.7414732)

[node name="Counter4" type="StaticBody3D" parent="Furniture" index="3"]
transform = Transform3D(1, 0, 0, 0, 1, 0, 0, 0, 1, 3.0772042, 0, -0.7243273)

[node name="Counter" parent="Furniture/Counter4" index="0" instance=ExtResource("3_gluas")]

[node name="CollisionShape3D" type="CollisionShape3D" parent="Furniture/Counter4" index="1"]
transform = Transform3D(1, 0, 0, 0, 1, 0, 0, 0, 1, 0.0009765625, 0.5057678, 0.0025634766)
shape = SubResource("BoxShape3D_2m4fu")

[node name="BoxyCRT" parent="Furniture/Counter4" index="2" instance=ExtResource("4_jjmmj")]
transform = Transform3D(0.31475464, 0, -0.94917303, 0, 1, 0, 0.94917303, 0, 0.31475464, -0.039932728, 1, -0.7993432)

[node name="BoxyCRT2" parent="Furniture/Counter4" index="3" instance=ExtResource("4_jjmmj")]
transform = Transform3D(-0.22503597, 0, -0.97435045, 0, 1, 0, 0.97435045, 0, -0.22503597, -0.039932728, 1, 0.7836435)
